TESTCASE #6
Matrix(6):
 0 1 0 1 0 1
 1 0 1 1 1 0
 0 1 0 1 1 1
 1 1 1 0 0 1
 0 1 1 0 0 1
 1 0 1 1 1 0

[0, 4, 5, -12, -11, 0, 1]

TESTCASE #7
Matrix(7):
 0 1 1 0 1 0 0
 1 0 0 1 0 1 0
 1 0 0 1 0 1 1
 0 1 1 0 1 0 1
 1 0 0 1 0 1 1
 0 1 1 0 1 0 1
 0 0 1 1 1 1 0

[0, 0, 0, 12, -8, -13, 0, 1]

TESTCASE #8
Matrix(8):
 0 0 0 1 1 0 0 1
 0 0 1 1 1 0 1 1
 0 1 0 1 0 1 1 1
 1 1 1 0 0 0 1 1
 1 1 0 0 0 1 1 0
 0 0 1 0 1 0 1 1
 0 1 1 1 1 1 0 0
 1 1 1 1 0 1 0 0

[4, -12, -23, 40, 32, -24, -18, 0, 1]

TESTCASE #9
Matrix(9):
 0 0 1 1 1 0 1 0 1
 0 0 0 0 0 1 1 1 1
 1 0 0 0 1 0 1 0 1
 1 0 0 0 1 1 0 1 1
 1 0 1 1 0 1 0 0 0
 0 1 0 1 1 0 1 1 0
 1 1 1 0 0 1 0 1 0
 0 1 0 1 0 1 1 0 1
 1 1 1 1 0 0 0 1 0

[26, 16, -108, -66, 114, 76, -26, -21, 0, 1]

TESTCASE #10
Matrix(10):
 0 0 1 0 1 1 0 1 0 1
 0 0 1 1 0 1 1 0 1 1
 1 1 0 1 1 1 0 0 0 1
 0 1 1 0 1 1 0 1 1 0
 1 0 1 1 0 0 1 1 0 0
 1 1 1 1 0 0 1 0 0 0
 0 1 0 0 1 1 0 1 1 1
 1 0 0 1 1 0 1 0 1 1
 0 1 0 1 0 0 1 1 0 1
 1 1 1 0 0 0 1 1 1 0

[-1, 68, 51, -268, -133, 210, 108, -46, -28, 0, 1]

TESTCASE #11
Matrix(11):
 0 0 0 0 0 1 1 1 0 1 0
 0 0 1 0 1 1 0 1 1 1 0
 0 1 0 1 1 1 0 1 1 0 0
 0 0 1 0 1 1 1 0 0 1 0
 0 1 1 1 0 0 0 0 1 1 1
 1 1 1 1 0 0 0 1 0 1 0
 1 0 0 1 0 0 0 0 1 0 1
 1 1 1 0 0 1 0 0 1 0 1
 0 1 1 0 1 0 1 1 0 0 1
 1 1 0 1 1 1 0 0 0 0 1
 0 0 0 0 1 0 1 1 1 1 0

[-112, -28, 566, 264, -678, -348, 298, 168, -44, -30, 0, 1]

TESTCASE #12
Matrix(12):
 0 0 0 1 1 1 1 1 0 1 0 0
 0 0 1 1 0 0 1 1 1 0 0 1
 0 1 0 1 1 0 1 0 1 1 0 0
 1 1 1 0 0 0 0 1 0 1 1 1
 1 0 1 0 0 1 1 0 0 0 0 1
 1 0 0 0 1 0 0 1 0 0 1 1
 1 1 1 0 1 0 0 0 1 0 1 1
 1 1 0 1 0 1 0 0 1 1 0 0
 0 1 1 0 0 0 1 1 0 1 1 1
 1 0 1 1 0 0 0 1 1 0 1 1
 0 0 0 1 0 1 1 0 1 1 0 0
 0 1 0 1 1 1 1 0 1 1 0 0

[1, -24, -77, 280, 402, -714, -491, 382, 225, -58, -37, 0, 1]

TESTCASE #13
Matrix(13):
 0 0 1 1 1 0 0 1 0 1 1 0 1
 0 0 1 1 0 0 1 1 1 0 1 1 0
 1 1 0 0 0 0 1 1 0 0 0 1 0
 1 1 0 0 0 0 1 1 1 0 0 1 1
 1 0 0 0 0 1 1 0 0 1 1 1 1
 0 0 0 0 1 0 1 1 1 1 1 1 0
 0 1 1 1 1 1 0 0 0 0 1 0 1
 1 1 1 1 0 1 0 0 1 1 0 0 0
 0 1 0 1 0 1 0 1 0 1 1 0 1
 1 0 0 0 1 1 0 1 1 0 1 0 1
 1 1 0 0 1 1 1 0 1 1 0 0 0
 0 1 1 1 1 1 0 0 0 0 0 0 0
 1 0 0 1 1 0 1 0 1 1 0 0 0

[144, 116, -1512, -720, 3306, 1305, -2550, -1029, 782, 350, -78, -43, 0, 1]

TESTCASE #14
Matrix(14):
 0 1 1 0 1 1 0 0 1 0 0 1 1 1
 1 0 0 1 0 1 1 1 1 1 0 0 1 0
 1 0 0 0 1 1 1 0 0 0 0 0 1 1
 0 1 0 0 0 1 1 1 0 1 0 1 1 1
 1 0 1 0 0 0 1 1 0 0 0 1 0 1
 1 1 1 1 0 0 1 1 1 1 0 0 0 0
 0 1 1 1 1 1 0 1 1 0 0 1 0 0
 0 1 0 1 1 1 1 0 1 1 0 0 1 0
 1 1 0 0 0 1 1 1 0 1 0 1 0 1
 0 1 0 1 0 1 0 1 1 0 1 1 1 0
 0 0 0 0 0 0 0 0 0 1 0 1 1 1
 1 0 0 1 1 0 1 0 1 1 1 0 1 0
 1 1 1 1 0 0 0 1 0 1 1 1 0 0
 1 0 1 1 1 0 0 0 1 0 1 0 0 0

[16, 60, -316, -1084, 1200, 3584, -848, -4006, -743, 1268, 410, -116, -51, 0, 1]

TESTCASE #15
Matrix(15):
 0 0 0 1 1 1 0 1 0 1 1 1 1 0 0
 0 0 1 1 0 1 0 0 1 0 0 0 0 1 1
 0 1 0 0 1 0 1 0 0 1 0 1 0 1 1
 1 1 0 0 0 0 0 1 1 0 0 0 0 1 0
 1 0 1 0 0 0 1 1 1 1 0 0 1 0 1
 1 1 0 0 0 0 1 0 0 0 0 1 1 1 1
 0 0 1 0 1 1 0 1 1 0 1 1 0 0 0
 1 0 0 1 1 0 1 0 1 1 0 0 1 0 1
 0 1 0 1 1 0 1 1 0 0 1 0 0 1 1
 1 0 1 0 1 0 0 1 0 0 1 0 1 0 0
 1 0 0 0 0 0 1 0 1 1 0 1 1 1 0
 1 0 1 0 0 1 1 0 0 0 1 0 1 1 1
 1 0 0 0 1 1 0 1 0 1 1 1 0 0 1
 0 1 1 1 0 1 0 0 1 0 1 1 0 0 0
 0 1 1 0 1 1 0 1 1 0 0 1 1 0 0

[58, 3748, 6168, -11424, -21642, 7206, 22998, 1689, -9916, -2471, 1782, 638, -108, -54, 0, 1]

TESTCASE #16
Matrix(16):
 0 0 0 1 1 0 0 1 1 1 0 1 0 1 0 0
 0 0 1 1 1 0 1 1 1 0 1 0 1 0 0 1
 0 1 0 1 0 1 1 1 0 1 0 0 1 1 1 0
 1 1 1 0 0 1 1 1 0 0 0 0 0 1 1 1
 1 1 0 0 0 0 0 0 0 1 1 0 0 1 1 0
 0 0 1 1 0 0 1 1 0 0 1 1 1 0 0 0
 0 1 1 1 0 1 0 1 0 1 1 1 0 0 1 0
 1 1 1 1 0 1 1 0 0 1 0 1 0 0 0 0
 1 1 0 0 0 0 0 0 0 0 1 1 1 1 0 1
 1 0 1 0 1 0 1 1 0 0 1 0 0 1 1 1
 0 1 0 0 1 1 1 0 1 1 0 1 1 0 0 1
 1 0 0 0 0 1 1 1 1 0 1 0 0 1 1 1
 0 1 1 0 0 1 0 0 1 0 1 0 0 0 1 1
 1 0 1 1 1 0 0 0 1 1 0 1 0 0 0 1
 0 0 1 1 1 0 1 0 0 1 0 1 1 0 0 1
 0 1 0 1 0 0 0 0 1 1 1 1 1 1 1 0

[-103, 170, 5637, 12004, -12750, -37474, 6614, 37852, 3447, -15576, -3512, 2640, 825, -154, -65, 0, 1]

TESTCASE #17
Matrix(17):
 0 0 0 0 1 0 1 1 1 1 0 1 0 0 0 0 0
 0 0 0 1 0 1 0 1 0 0 0 0 0 1 1 1 1
 0 0 0 0 1 1 1 1 1 0 0 0 1 1 1 1 0
 0 1 0 0 1 1 0 0 0 1 0 1 1 1 1 1 0
 1 0 1 1 0 0 1 1 0 0 1 0 0 1 0 1 0
 0 1 1 1 0 0 0 1 0 1 1 1 1 0 0 0 1
 1 0 1 0 1 0 0 1 0 1 0 1 1 0 1 0 0
 1 1 1 0 1 1 1 0 0 1 0 1 0 0 0 0 1
 1 0 1 0 0 0 0 0 0 0 0 0 0 0 1 1 1
 1 0 0 1 0 1 1 1 0 0 1 0 1 0 0 1 1
 0 0 0 0 1 1 0 0 0 1 0 1 1 1 1 0 1
 1 0 0 1 0 1 1 1 0 0 1 0 0 1 1 1 0
 0 0 1 1 0 1 1 0 0 1 1 0 0 1 0 0 1
 0 1 1 1 1 0 0 0 0 0 1 1 1 0 1 0 1
 0 1 1 1 0 0 1 0 1 0 1 1 0 1 0 0 0
 0 1 1 1 1 0 0 0 1 1 0 1 0 0 0 0 1
 0 1 0 0 0 1 0 1 1 1 1 0 1 1 0 1 0

[478, 3462, -9770, -21068, 42518, 44082, -70888, -41663, 50292, 22032, -16716, -6601, 2556, 1030, -144, -69, 0, 1]

TESTCASE #18
Matrix(18):
 0 1 1 0 0 0 1 1 0 0 0 0 0 1 1 1 1 1
 1 0 0 0 0 1 0 0 0 1 1 0 1 1 0 1 1 0
 1 0 0 1 1 1 1 0 0 1 1 1 0 0 0 1 1 0
 0 0 1 0 0 1 0 0 1 1 0 0 1 0 1 1 1 1
 0 0 1 0 0 1 0 0 0 0 1 1 1 1 0 0 1 1
 0 1 1 1 1 0 1 1 0 0 1 0 0 0 1 1 0 0
 1 0 1 0 0 1 0 1 0 0 0 0 0 1 1 1 0 1
 1 0 0 0 0 1 1 0 0 1 0 1 1 1 1 0 1 1
 0 0 0 1 0 0 0 0 0 1 1 1 0 1 0 0 1 1
 0 1 1 1 0 0 0 1 1 0 0 1 0 1 1 1 0 1
 0 1 1 0 1 1 0 0 1 0 0 1 0 0 1 0 0 1
 0 0 1 0 1 0 0 1 1 1 1 0 1 0 1 1 1 0
 0 1 0 1 1 0 0 1 0 0 0 1 0 0 1 1 1 1
 1 1 0 0 1 0 1 1 1 1 0 0 0 0 1 1 1 0
 1 0 0 1 0 1 1 1 0 1 1 1 1 1 0 0 0 0
 1 1 1 1 0 1 1 0 0 1 0 1 1 1 0 0 0 0
 1 1 1 1 1 0 0 1 1 0 0 1 1 1 0 0 0 0
 1 0 0 1 1 0 1 1 1 1 1 0 1 0 0 0 0 0

[-441, 310, 22129, -7934, -114333, 62652, 198025, -130660, -133759, 88772, 47731, -26748, -10417, 3756, 1350, -200, -82, 0, 1]

TESTCASE #19
Matrix(19):
 0 0 1 0 1 0 0 1 0 1 1 1 0 1 0 1 1 0 1
 0 0 1 1 0 1 0 0 1 1 1 1 1 1 0 0 0 0 0
 1 1 0 1 0 0 0 0 0 1 1 0 1 0 1 1 1 0 1
 0 1 1 0 0 1 0 0 1 1 1 0 0 0 1 0 1 1 0
 1 0 0 0 0 1 0 1 1 0 0 1 0 1 1 1 1 0 0
 0 1 0 1 1 0 1 1 1 0 0 0 1 0 0 0 0 0 0
 0 0 0 0 0 1 0 0 1 0 1 1 1 0 1 1 1 1 1
 1 0 0 0 1 1 0 0 0 0 1 0 0 1 0 1 1 1 1
 0 1 0 1 1 1 1 0 0 0 0 1 0 1 1 0 0 1 0
 1 1 1 1 0 0 0 0 0 0 0 0 1 1 1 0 1 1 1
 1 1 1 1 0 0 1 1 0 0 0 0 1 0 0 1 1 0 1
 1 1 0 0 1 0 1 0 1 0 0 0 0 0 1 0 0 1 1
 0 1 1 0 0 1 1 0 0 1 1 0 0 0 0 1 1 1 0
 1 1 0 0 1 0 0 1 1 1 0 0 0 0 0 0 0 0 1
 0 0 1 1 1 0 1 0 1 1 0 1 0 0 0 1 0 1 0
 1 0 1 0 1 0 1 1 0 0 1 0 1 0 1 0 0 1 1
 1 0 1 1 1 0 1 1 0 1 1 0 1 0 0 0 0 1 0
 0 0 0 1 0 0 1 1 1 1 0 1 1 0 1 1 1 0 0
 1 0 1 0 0 0 1 1 0 1 1 1 0 1 0 1 0 0 0

[-3020, 30276, 7550, -348209, -168374, 989982, 733760, -824753, -805030, 221511, 356820, 7760, -72830, -11927, 6776, 1739, -232, -87, 0, 1]

TESTCASE #20
Matrix(20):
 0 0 1 0 0 0 1 1 1 1 0 1 1 1 0 0 0 0 0 1
 0 0 1 1 0 1 1 1 1 1 1 1 0 1 0 1 0 0 0 0
 1 1 0 0 1 1 1 0 1 0 0 0 0 1 0 1 0 1 0 1
 0 1 0 0 1 0 0 1 1 0 1 1 0 1 0 1 1 0 1 1
 0 0 1 1 0 1 1 1 0 1 0 0 1 1 0 1 0 1 1 0
 0 1 1 0 1 0 0 1 0 0 1 1 1 1 1 1 0 1 0 0
 1 1 1 0 1 0 0 1 1 0 0 1 1 0 1 0 1 0 0 1
 1 1 0 1 1 1 1 0 0 1 0 0 0 1 1 1 0 0 0 1
 1 1 1 1 0 0 1 0 0 0 1 1 0 0 0 0 0 1 1 0
 1 1 0 0 1 0 0 1 0 0 1 1 1 0 1 0 0 1 1 1
 0 1 0 1 0 1 0 0 1 1 0 0 0 1 0 1 1 0 1 0
 1 1 0 1 0 1 1 0 1 1 0 0 0 0 1 1 0 1 0 1
 1 0 0 0 1 1 1 0 0 1 0 0 0 0 1 0 1 1 1 0
 1 1 1 1 1 1 0 1 0 0 1 0 0 0 1 0 0 0 1 1
 0 0 0 0 0 1 1 1 0 1 0 1 1 1 0 1 1 1 0 1
 0 1 1 1 1 1 0 1 0 0 1 1 0 0 1 0 0 0 1 1
 0 0 0 1 0 0 1 0 0 0 1 0 1 0 1 0 0 1 0 0
 0 0 1 0 1 1 0 0 1 1 0 1 1 0 1 0 1 0 0 1
 0 0 0 1 1 0 0 0 1 1 1 0 1 1 0 1 0 0 0 0
 1 0 1 1 0 0 1 1 0 1 0 1 0 1 1 1 0 1 0 0

[-14904, -56848, 162462, 529266, -547918, -1542006, 697470, 1986176, -338261, -1300606, 9059, 460060, 46125, -87728, -15586, 8354, 2027, -306, -101, 0, 1]

TESTCASE #21
Matrix(21):
 0 0 0 0 1 1 1 0 0 0 1 0 0 0 1 1 1 1 0 0 0
 0 0 1 0 0 1 1 0 0 0 1 0 0 0 0 1 0 1 1 0 1
 0 1 0 0 0 1 0 0 0 0 1 1 0 1 1 0 1 1 1 1 0
 0 0 0 0 1 0 1 0 0 1 0 1 1 1 1 0 0 1 1 0 1
 1 0 0 1 0 1 0 0 0 0 1 0 0 1 1 1 0 1 0 0 0
 1 1 1 0 1 0 1 0 1 0 0 0 1 0 0 0 1 0 0 0 1
 1 1 0 1 0 1 0 0 1 0 1 1 0 1 0 0 0 0 1 1 1
 0 0 0 0 0 0 0 0 1 1 1 0 1 0 1 1 1 1 0 0 0
 0 0 0 0 0 1 1 1 0 1 1 1 1 1 0 0 1 1 0 0 0
 0 0 0 1 0 0 0 1 1 0 0 0 1 1 0 0 0 1 1 1 0
 1 1 1 0 1 0 1 1 1 0 0 1 1 0 0 1 0 0 0 1 0
 0 0 1 1 0 0 1 0 1 0 1 0 0 0 1 1 0 1 1 1 1
 0 0 0 1 0 1 0 1 1 1 1 0 0 1 0 0 1 0 1 1 1
 0 0 1 1 1 0 1 0 1 1 0 0 1 0 0 0 1 0 0 1 1
 1 0 1 1 1 0 0 1 0 0 0 1 0 0 0 1 0 0 1 1 1
 1 1 0 0 1 0 0 1 0 0 1 1 0 0 1 0 1 1 1 1 0
 1 0 1 0 0 1 0 1 1 0 0 0 1 1 0 1 0 0 1 1 1
 1 1 1 1 1 0 0 1 1 1 0 1 0 0 0 1 0 0 0 1 0
 0 1 1 1 0 0 1 0 0 1 0 1 1 0 1 1 1 0 0 0 1
 0 0 1 0 0 0 1 0 0 1 1 1 1 1 1 1 1 1 0 0 0
 0 1 0 1 0 1 1 0 0 0 0 1 1 1 1 0 1 0 1 0 0

[1384, -63776, -35862, 924677, 1240218, -2307405, -3788848, 2056168, 4393888, -591166, -2463056, -125448, 728072, 112534, -114644, -25539, 9012, 2537, -276, -104, 0, 1]

TESTCASE #22
Matrix(22):
 0 0 0 1 1 0 1 1 0 1 0 0 1 1 0 0 1 1 0 1 1 1
 0 0 1 1 0 0 0 1 1 1 0 0 0 1 1 1 0 1 0 1 1 1
 0 1 0 1 0 1 0 0 1 1 0 1 1 0 1 1 0 0 1 1 1 0
 1 1 1 0 0 1 0 1 0 1 1 0 0 1 0 1 1 0 0 0 1 1
 1 0 0 0 0 0 0 1 0 0 1 0 0 0 1 0 1 1 1 1 1 0
 0 0 1 1 0 0 0 0 0 1 1 0 1 1 1 0 1 1 0 0 0 1
 1 0 0 0 0 0 0 1 0 0 1 1 1 1 0 1 0 1 1 0 0 0
 1 1 0 1 1 0 1 0 1 0 0 1 1 0 0 1 0 1 0 1 0 1
 0 1 1 0 0 0 0 1 0 0 1 1 0 0 1 1 0 0 1 1 1 1
 1 1 1 1 0 1 0 0 0 0 1 0 1 1 1 0 1 0 1 0 0 1
 0 0 0 1 1 1 1 0 1 1 0 1 0 0 1 0 0 0 0 0 0 1
 0 0 1 0 0 0 1 1 1 0 1 0 1 1 0 0 1 1 0 1 0 1
 1 0 1 0 0 1 1 1 0 1 0 1 0 0 0 1 0 0 1 0 1 1
 1 1 0 1 0 1 1 0 0 1 0 1 0 0 1 1 0 1 0 1 1 0
 0 1 1 0 1 1 0 0 1 1 1 0 0 1 0 1 1 0 1 0 1 0
 0 1 1 1 0 0 1 1 1 0 0 0 1 1 1 0 0 0 0 1 1 1
 1 0 0 1 1 1 0 0 0 1 0 1 0 0 1 0 0 1 1 0 0 1
 1 1 0 0 1 1 1 1 0 0 0 1 0 1 0 0 1 0 1 1 0 0
 0 0 1 0 1 0 1 0 1 1 0 0 1 0 1 0 1 1 0 0 1 0
 1 1 1 0 1 0 0 1 1 0 0 1 0 1 0 1 0 1 0 0 1 0
 1 1 1 1 1 0 0 0 1 0 0 0 1 1 1 1 0 0 1 1 0 0
 1 1 0 1 0 1 0 1 1 1 1 1 1 0 0 1 1 0 0 0 0 0

[-49176, -281144, 670971, 6298534, 8037431, -11739706, -26529321, 237674, 25648438, 9220372, -10473877, -6220634, 1784838, 1753092, -32958, -243360, -26883, 16304, 3167, -420, -122, 0, 1]

TESTCASE #23
Matrix(23):
 0 0 1 0 0 1 1 0 1 0 0 1 1 0 1 0 1 0 1 1 0 1 1
 0 0 1 0 1 1 0 1 0 1 0 0 1 0 1 0 1 0 0 1 0 1 0
 1 1 0 1 0 1 1 1 1 1 0 0 0 1 0 0 1 0 0 1 1 0 0
 0 0 1 0 0 0 1 1 0 1 1 1 1 0 1 0 1 0 1 1 0 0 1
 0 1 0 0 0 0 0 0 0 1 1 1 1 0 1 1 1 1 1 1 1 0 0
 1 1 1 0 0 0 1 0 0 0 0 0 1 1 1 0 0 1 0 1 1 0 0
 1 0 1 1 0 1 0 1 0 0 1 1 1 0 1 0 0 0 1 1 0 1 0
 0 1 1 1 0 0 1 0 1 0 1 0 0 1 0 0 0 0 0 0 0 0 1
 1 0 1 0 0 0 0 1 0 1 0 1 1 1 0 0 1 1 1 1 0 0 1
 0 1 1 1 1 0 0 0 1 0 0 1 1 1 0 0 1 0 0 0 0 0 1
 0 0 0 1 1 0 1 1 0 0 0 0 1 0 0 1 0 1 1 0 1 0 1
 1 0 0 1 1 0 1 0 1 1 0 0 0 0 0 1 0 0 1 1 1 1 1
 1 1 0 1 1 1 1 0 1 1 1 0 0 0 0 1 0 0 0 0 1 0 0
 0 0 1 0 0 1 0 1 1 1 0 0 0 0 1 1 1 1 0 0 0 1 0
 1 1 0 1 1 1 1 0 0 0 0 0 0 1 0 1 1 0 0 0 1 1 1
 0 0 0 0 1 0 0 0 0 0 1 1 1 1 1 0 1 1 0 0 0 1 1
 1 1 1 1 1 0 0 0 1 1 0 0 0 1 1 1 0 1 1 0 0 0 0
 0 0 0 0 1 1 0 0 1 0 1 0 0 1 0 1 1 0 1 1 1 1 0
 1 0 0 1 1 0 1 0 1 0 1 1 0 0 0 0 1 1 0 0 1 0 1
 1 1 1 1 1 1 1 0 1 0 0 1 0 0 0 0 0 1 0 0 1 1 0
 0 0 1 0 1 1 0 0 0 0 1 1 1 0 1 0 0 1 1 1 0 0 0
 1 1 0 0 0 0 1 0 0 0 0 1 0 1 1 1 0 1 0 1 0 0 1
 1 0 0 1 0 0 0 1 1 1 1 1 0 0 1 1 0 0 1 0 0 1 0

[-14624, 1178343, -3967664, -19205427, 4994636, 61647679, 21058538, -74871412, -46418396, 39485320, 34215490, -9116496, -12422992, 391342, 2478354, 227140, -276366, -46978, 16138, 3781, -384, -126, 0, 1]

